precision: 0.7111111111111111
recall: 0.2582380632145259
fbeta: 0.3788850518006907
